RAA 0-100%

pT min    pT max    pT center RAA            stat           syst
2         3         2.5       0.722896       0.0965475      0.137405
3         4         3.5       0.573267       0.0524576      0.104588
4         5         4.5       0.386557       0.0258202      0.0660977
5         6         5.5       0.282047       0.0221066      0.0476514
6         8         7         0.318809       0.0199237      0.0536367
8         10        9         0.257648       0.0146876      0.0428774
10        12.5      11.25     0.306907       0.0187519      0.0511049
12.5      15        13.75     0.33705        0.0250215      0.0561247
15        20        17.5      0.353413       0.0286902      0.0641456
20        25        22.5      0.45519        0.0442672      0.0805221
25        30        27.5      0.512747       0.040921       0.0958496
30        40        35        0.612522       0.047861       0.109583
40        60        50        0.754522       0.0394587      0.131203
60        100       80        0.814098       0.0586271      0.148913

RAA 0-10%

pT min    pT max    pT center RAA            stat           syst
2         3         2.5       0.761326       0.161221       0.183424
3         4         3.5       0.60889        0.0922012      0.125626
4         5         4.5       0.337483       0.0348348      0.067103
5         6         5.5       0.166841       0.0201272      0.0328486
6         8         7         0.179625       0.0181541      0.0346536
8         10        9         0.175019       0.0144714      0.0350653
10        12.5      11.25     0.219256       0.0199134      0.0419174
12.5      15        13.75     0.224658       0.0235361      0.0429509
15        20        17.5      0.263493       0.0307399      0.0594788
20        25        22.5      0.345318       0.0516521      0.071367
25        30        27.5      0.503914       0.0605108      0.103969
30        40        35        0.469913       0.0543797      0.0992081
40        60        50        0.666526       0.0494982      0.131458
60        100       80        0.682225       0.078862       0.168833

XSECTION pp

pT min    pT max    pT center xsection       stat           syst
2         3         2.5       1.87484e+08    1.19196e+07    2.96674e+07
3         4         3.5       8.42363e+07    3.75239e+06    1.30757e+07
4         5         4.5       3.6972e+07     1.2736e+06     5.16896e+06
5         6         5.5       1.77461e+07    717553         2.46038e+06
6         8         7         6.73328e+06    214519         933545
8         10        9         2.17413e+06    75131.9        296611
10        12.5      11.25     810900         32309.6        111081
12.5      15        13.75     321519         17842.1        44043.4
15        20        17.5      111090         6911.09        15680.7
20        25        22.5      29231.5        1033.27        3872.86
25        30        27.5      9950.77        382.17         1312.95
30        40        35        3256.13        152.541        432.986
40        60        50        494.319        16.3062        66.2048
60        100       80        39.1578        1.54173        5.51801

XSECTION PbPb 0-100%

pT min    pT max    pT center xsection       stat           syst
2         3         2.5       1.35532e+08    1.59187e+07    2.28476e+07
3         4         3.5       4.82899e+07    3.85989e+06    7.86385e+06
4         5         4.5       1.42918e+07    817881         2.34929e+06
5         6         5.5       5.00522e+06    336072         817105
6         8         7         2.14663e+06    115410         348860
8         10        9         560161         25396.6        91035.6
10        12.5      11.25     248871         11527.8        40353.8
12.5      15        13.75     108368         5343.78        17571.7
15        20        17.5      39260.7        2047.58        6839.51
20        25        22.5      13305.9        1205.49        2345.33
25        30        27.5      5102.23        356.943        952.678
30        40        35        1994.45        124.726        354.839
40        60        50        372.974        15.1353        64.2001
60        100       80        31.8783        1.92222        5.60643

XSECTION PbPb 0-10%

pT min    pT max    pT center xsection       stat           syst
2         3         2.5       1.42737e+08    2.8832e+07     3.20237e+07
3         4         3.5       5.12906e+07    7.42302e+06    9.70482e+06
4         5         4.5       1.24774e+07    1.21407e+06    2.41037e+06
5         6         5.5       2.96078e+06    336518         568522
6         8         7         1.20946e+06    116004         227318
8         10        9         380514         28583          75008.1
10        12.5      11.25     177794         14511          33316.6
12.5      15        13.75     72231.8        6418.47        13535.5
15        20        17.5      29271.5        2888.85        6437.05
20        25        22.5      10094.2        1467.1         2080.68
25        30        27.5      5014.33        570.501        1033.59
30        40        35        1530.1         161.909        321.751
40        60        50        329.476        21.9215        64.4719
60        100       80        26.7144        2.90342        6.47322

