2         3         2.5       1.35532e+08    1.59187e+07    2.28476e+07
3         4         3.5       4.82899e+07    3.85989e+06    7.86385e+06
4         5         4.5       1.42918e+07    817881         2.34929e+06
5         6         5.5       5.00522e+06    336072         817105
6         8         7         2.14663e+06    115410         348860
8         10        9         560161         25396.6        91035.6
10        12.5      11.25     248871         11527.8        40353.8
12.5      15        13.75     108368         5343.78        17571.7
15        20        17.5      39260.7        2047.58        6839.51
20        25        22.5      13305.9        1205.49        2345.33
25        30        27.5      5102.23        356.943        952.678
30        40        35        1994.45        124.726        354.839
40        60        50        372.974        15.1353        64.2001
60        100       80        31.8783        1.92222        5.60643
