2         3         2.5       1.87484e+08    1.19196e+07    2.96674e+07
3         4         3.5       8.42363e+07    3.75239e+06    1.30757e+07
4         5         4.5       3.6972e+07     1.2736e+06     5.16896e+06
5         6         5.5       1.77461e+07    717553         2.46038e+06
6         8         7         6.73328e+06    214519         933545
8         10        9         2.17413e+06    75131.9        296611
10        12.5      11.25     810900         32309.6        111081
12.5      15        13.75     321519         17842.1        44043.4
15        20        17.5      111090         6911.09        15680.7
20        25        22.5      29231.5        1033.27        3872.86
25        30        27.5      9950.77        382.17         1312.95
30        40        35        3256.13        152.541        432.986
40        60        50        494.319        16.3062        66.2048
60        100       80        39.1578        1.54173        5.51801
